"时间","订单编号","总价","优惠","次卡","挂帐金额","现金","微信","支付宝","刷卡","校园卡","应收","抹零","充值金额","充值赠送","实收"
"2016-11-28","seek0120161128015",18,0.9,0,0,17.1,0,0,,0,17.1,0,0,0,17.1
"2016-11-25","seek0120161125014",537,0,0,0,0,0,0,,0,537,0,0,0,537
"2016-11-25","seek0120161125013",18,0,0,0,0,0,0,,0,18,0,0,0,18
"2016-11-25","seek0120161125012",18,0,0,0,0,0,0,,0,18,0,0,0,18
"2016-11-25","seek011480057256916",0,0,0,0,100,0,0,,0,0,0,0,0,100
"2016-11-25","seek0120161125011",38,0,0,0,38,0,0,,0,38,0,0,0,38
"2016-11-25","seek011480055959617",0,0,0,0,100,0,0,,0,0,0,0,0,100
"2016-11-25","seek011480058965822",0,0,0,0,100,0,0,,0,0,0,100,25,75
"2016-11-25",,0,0,0,0,100,0,0,,0,0,0,100,25,75
"2016-11-25",,0,0,0,0,100,0,0,,0,0,0,100,100,0